struct desert_pyramid 0 0 0 19 2
struct desert_pyramid 0 1 2 40 78
struct desert_pyramid 0 -1 -1 -21 -25
struct desert_pyramid 0 -3 5 -73 181
struct desert_pyramid 0 40 -77 1296 -2454
struct desert_pyramid 1 0 0 14 10
struct desert_pyramid 1 1 2 40 85
struct desert_pyramid 1 -1 -1 -11 -17
struct desert_pyramid 1 -3 5 -88 165
struct desert_pyramid 1 40 -77 1282 -2446
struct desert_pyramid -1 0 0 10 18
struct desert_pyramid -1 1 2 55 78
struct desert_pyramid -1 -1 -1 -20 -25
struct desert_pyramid -1 -3 5 -93 181
struct desert_pyramid -1 40 -77 1303 -2453
struct desert_pyramid 123456789012345678 0 0 21 22
struct desert_pyramid 123456789012345678 1 2 47 65
struct desert_pyramid 123456789012345678 -1 -1 -32 -31
struct desert_pyramid 123456789012345678 -3 5 -91 164
struct desert_pyramid 123456789012345678 40 -77 1282 -2452
struct desert_pyramid 765906787396911863 0 0 13 3
struct desert_pyramid 765906787396911863 1 2 32 76
struct desert_pyramid 765906787396911863 -1 -1 -16 -20
struct desert_pyramid 765906787396911863 -3 5 -83 182
struct desert_pyramid 765906787396911863 40 -77 1300 -2444
struct desert_pyramid -8788534344520786540 0 0 16 19
struct desert_pyramid -8788534344520786540 1 2 54 78
struct desert_pyramid -8788534344520786540 -1 -1 -22 -12
struct desert_pyramid -8788534344520786540 -3 5 -89 172
struct desert_pyramid -8788534344520786540 40 -77 1287 -2452
struct desert_pyramid 81985529216486895 0 0 17 17
struct desert_pyramid 81985529216486895 1 2 51 72
struct desert_pyramid 81985529216486895 -1 -1 -18 -12
struct desert_pyramid 81985529216486895 -3 5 -89 169
struct desert_pyramid 81985529216486895 40 -77 1283 -2454
struct igloo 0 0 0 14 10
struct igloo 0 1 2 40 85
struct igloo 0 -1 -1 -11 -17
struct igloo 0 -3 5 -88 165
struct igloo 0 40 -77 1282 -2446
struct igloo 1 0 0 0 10
struct igloo 1 1 2 50 69
struct igloo 1 -1 -1 -16 -9
struct igloo 1 -3 5 -88 173
struct igloo 1 40 -77 1301 -2462
struct igloo -1 0 0 19 2
struct igloo -1 1 2 40 78
struct igloo -1 -1 -1 -21 -25
struct igloo -1 -3 5 -73 181
struct igloo -1 40 -77 1296 -2454
struct igloo 123456789012345678 0 0 14 21
struct igloo 123456789012345678 1 2 42 73
struct igloo 123456789012345678 -1 -1 -22 -31
struct igloo 123456789012345678 -3 5 -82 164
struct igloo 123456789012345678 40 -77 1292 -2444
struct igloo 765906787396911863 0 0 23 11
struct igloo 765906787396911863 1 2 41 76
struct igloo 765906787396911863 -1 -1 -17 -20
struct igloo 765906787396911863 -3 5 -88 182
struct igloo 765906787396911863 40 -77 1299 -2444
struct igloo -8788534344520786540 0 0 11 3
struct igloo -8788534344520786540 1 2 54 86
struct igloo -8788534344520786540 -1 -1 -13 -28
struct igloo -8788534344520786540 -3 5 -80 180
struct igloo -8788534344520786540 40 -77 1297 -2452
struct igloo 81985529216486895 0 0 3 1
struct igloo 81985529216486895 1 2 36 80
struct igloo 81985529216486895 -1 -1 -18 -28
struct igloo 81985529216486895 -3 5 -94 177
struct igloo 81985529216486895 40 -77 1289 -2445
struct jungle_pyramid 0 0 0 0 10
struct jungle_pyramid 0 1 2 50 69
struct jungle_pyramid 0 -1 -1 -16 -9
struct jungle_pyramid 0 -3 5 -88 173
struct jungle_pyramid 0 40 -77 1301 -2462
struct jungle_pyramid 1 0 0 0 18
struct jungle_pyramid 1 1 2 45 77
struct jungle_pyramid 1 -1 -1 -30 -9
struct jungle_pyramid 1 -3 5 -79 173
struct jungle_pyramid 1 40 -77 1286 -2462
struct jungle_pyramid -1 0 0 14 10
struct jungle_pyramid -1 1 2 40 85
struct jungle_pyramid -1 -1 -1 -11 -17
struct jungle_pyramid -1 -3 5 -88 165
struct jungle_pyramid -1 40 -77 1282 -2446
struct jungle_pyramid 123456789012345678 0 0 0 5
struct jungle_pyramid 123456789012345678 1 2 51 81
struct jungle_pyramid 123456789012345678 -1 -1 -22 -23
struct jungle_pyramid 123456789012345678 -3 5 -87 172
struct jungle_pyramid 123456789012345678 40 -77 1298 -2460
struct jungle_pyramid 765906787396911863 0 0 18 19
struct jungle_pyramid 765906787396911863 1 2 41 84
struct jungle_pyramid 765906787396911863 -1 -1 -31 -12
struct jungle_pyramid 765906787396911863 -3 5 -79 166
struct jungle_pyramid 765906787396911863 40 -77 1285 -2460
struct jungle_pyramid -8788534344520786540 0 0 21 11
struct jungle_pyramid -8788534344520786540 1 2 39 69
struct jungle_pyramid -8788534344520786540 -1 -1 -17 -20
struct jungle_pyramid -8788534344520786540 -3 5 -80 164
struct jungle_pyramid -8788534344520786540 40 -77 1292 -2444
struct jungle_pyramid 81985529216486895 0 0 22 9
struct jungle_pyramid 81985529216486895 1 2 36 64
struct jungle_pyramid 81985529216486895 -1 -1 -9 -20
struct jungle_pyramid 81985529216486895 -3 5 -84 161
struct jungle_pyramid 81985529216486895 40 -77 1299 -2461
struct swamp_hut 0 0 0 0 18
struct swamp_hut 0 1 2 45 77
struct swamp_hut 0 -1 -1 -30 -9
struct swamp_hut 0 -3 5 -79 173
struct swamp_hut 0 40 -77 1286 -2462
struct swamp_hut 1 0 0 9 2
struct swamp_hut 1 1 2 55 77
struct swamp_hut 1 -1 -1 -30 -25
struct swamp_hut 1 -3 5 -83 181
struct swamp_hut 1 40 -77 1286 -2454
struct swamp_hut -1 0 0 0 10
struct swamp_hut -1 1 2 50 69
struct swamp_hut -1 -1 -1 -16 -9
struct swamp_hut -1 -3 5 -88 173
struct swamp_hut -1 40 -77 1301 -2462
struct swamp_hut 123456789012345678 0 0 19 13
struct swamp_hut 123456789012345678 1 2 51 65
struct swamp_hut 123456789012345678 -1 -1 -13 -15
struct swamp_hut 123456789012345678 -3 5 -77 180
struct swamp_hut 123456789012345678 40 -77 1283 -2452
struct swamp_hut 765906787396911863 0 0 4 3
struct swamp_hut 765906787396911863 1 2 50 68
struct swamp_hut 765906787396911863 -1 -1 -12 -28
struct swamp_hut 765906787396911863 -3 5 -79 174
struct swamp_hut 765906787396911863 40 -77 1280 -2452
struct swamp_hut -8788534344520786540 0 0 20 11
struct swamp_hut -8788534344520786540 1 2 34 70
struct swamp_hut -8788534344520786540 -1 -1 -32 -20
struct swamp_hut -8788534344520786540 -3 5 -94 164
struct swamp_hut -8788534344520786540 40 -77 1302 -2460
struct swamp_hut 81985529216486895 0 0 8 9
struct swamp_hut 81985529216486895 1 2 45 64
struct swamp_hut 81985529216486895 -1 -1 -13 -12
struct swamp_hut 81985529216486895 -3 5 -85 161
struct swamp_hut 81985529216486895 40 -77 1294 -2453
struct shipwreck 0 0 0 14 8
struct shipwreck 0 1 2 29 52
struct shipwreck 0 -1 -1 -19 -8
struct shipwreck 0 -3 5 -70 127
struct shipwreck 0 40 -77 972 -1840
struct shipwreck 1 0 0 4 8
struct shipwreck 1 1 2 32 56
struct shipwreck 1 -1 -1 -13 -20
struct shipwreck 1 -3 5 -65 135
struct shipwreck 1 40 -77 978 -1840
struct shipwreck -1 0 0 8 0
struct shipwreck -1 1 2 43 64
struct shipwreck -1 -1 -1 -22 -12
struct shipwreck -1 -3 5 -55 131
struct shipwreck -1 40 -77 969 -1844
struct shipwreck 123456789012345678 0 0 7 7
struct shipwreck 123456789012345678 1 2 33 62
struct shipwreck 123456789012345678 -1 -1 -10 -21
struct shipwreck 123456789012345678 -3 5 -60 136
struct shipwreck 123456789012345678 40 -77 962 -1835
struct shipwreck 765906787396911863 0 0 14 17
struct shipwreck 765906787396911863 1 2 30 65
struct shipwreck 765906787396911863 -1 -1 -18 -7
struct shipwreck 765906787396911863 -3 5 -71 124
struct shipwreck 765906787396911863 40 -77 976 -1838
struct shipwreck -8788534344520786540 0 0 5 16
struct shipwreck -8788534344520786540 1 2 36 58
struct shipwreck -8788534344520786540 -1 -1 -14 -21
struct shipwreck -8788534344520786540 -3 5 -63 121
struct shipwreck -8788534344520786540 40 -77 969 -1847
struct shipwreck 81985529216486895 0 0 13 14
struct shipwreck 81985529216486895 1 2 41 65
struct shipwreck 81985529216486895 -1 -1 -23 -11
struct shipwreck 81985529216486895 -3 5 -59 135
struct shipwreck 81985529216486895 40 -77 977 -1841
struct village 0 0 0 15 2
struct village 0 1 2 57 72
struct village 0 -1 -1 -9 -34
struct village 0 -3 5 -95 185
struct village 0 40 -77 1361 -2612
struct village 1 0 0 15 8
struct village 1 1 2 56 80
struct village 1 -1 -1 -11 -28
struct village 1 -3 5 -94 191
struct village 1 40 -77 1370 -2604
struct village -1 0 0 3 22
struct village -1 1 2 55 92
struct village -1 -1 -1 -34 -16
struct village -1 -3 5 -95 179
struct village -1 40 -77 1361 -2618
struct village 123456789012345678 0 0 15 11
struct village 123456789012345678 1 2 56 70
struct village 123456789012345678 -1 -1 -11 -27
struct village 123456789012345678 -3 5 -78 174
struct village 123456789012345678 40 -77 1362 -2594
struct village 765906787396911863 0 0 25 10
struct village 765906787396911863 1 2 50 92
struct village 765906787396911863 -1 -1 -9 -20
struct village 765906787396911863 -3 5 -92 176
struct village 765906787396911863 40 -77 1365 -2597
struct village -8788534344520786540 0 0 17 11
struct village -8788534344520786540 1 2 52 70
struct village -8788534344520786540 -1 -1 -11 -20
struct village -8788534344520786540 -3 5 -96 175
struct village -8788534344520786540 40 -77 1371 -2602
struct village 81985529216486895 0 0 0 9
struct village 81985529216486895 1 2 39 71
struct village 81985529216486895 -1 -1 -11 -17
struct village 81985529216486895 -3 5 -97 184
struct village 81985529216486895 40 -77 1367 -2611
struct trial_chambers 0 0 0 14 5
struct trial_chambers 0 1 2 38 83
struct trial_chambers 0 -1 -1 -22 -20
struct trial_chambers 0 -3 5 -82 187
struct trial_chambers 0 40 -77 1362 -2601
struct trial_chambers 1 0 0 18 14
struct trial_chambers 1 1 2 35 77
struct trial_chambers 1 -1 -1 -28 -20
struct trial_chambers 1 -3 5 -89 189
struct trial_chambers 1 40 -77 1378 -2599
struct trial_chambers -1 0 0 21 5
struct trial_chambers -1 1 2 44 81
struct trial_chambers -1 -1 -1 -19 -16
struct trial_chambers -1 -3 5 -102 182
struct trial_chambers -1 40 -77 1365 -2597
struct trial_chambers 123456789012345678 0 0 15 16
struct trial_chambers 123456789012345678 1 2 48 69
struct trial_chambers 123456789012345678 -1 -1 -27 -14
struct trial_chambers 123456789012345678 -3 5 -86 175
struct trial_chambers 123456789012345678 40 -77 1372 -2615
struct trial_chambers 765906787396911863 0 0 4 9
struct trial_chambers 765906787396911863 1 2 45 80
struct trial_chambers 765906787396911863 -1 -1 -30 -27
struct trial_chambers 765906787396911863 -3 5 -84 186
struct trial_chambers 765906787396911863 40 -77 1373 -2607
struct trial_chambers -8788534344520786540 0 0 15 16
struct trial_chambers -8788534344520786540 1 2 47 79
struct trial_chambers -8788534344520786540 -1 -1 -27 -28
struct trial_chambers -8788534344520786540 -3 5 -95 188
struct trial_chambers -8788534344520786540 40 -77 1378 -2598
struct trial_chambers 81985529216486895 0 0 15 17
struct trial_chambers 81985529216486895 1 2 37 68
struct trial_chambers 81985529216486895 -1 -1 -19 -19
struct trial_chambers 81985529216486895 -3 5 -96 178
struct trial_chambers 81985529216486895 40 -77 1372 -2612
struct ancient_city 0 0 0 9 7
struct ancient_city 0 1 2 28 57
struct ancient_city 0 -1 -1 -13 -14
struct ancient_city 0 -3 5 -60 125
struct ancient_city 0 40 -77 966 -1835
struct ancient_city 1 0 0 9 11
struct ancient_city 1 1 2 28 61
struct ancient_city 1 -1 -1 -13 -9
struct ancient_city 1 -3 5 -60 129
struct ancient_city 1 40 -77 966 -1839
struct ancient_city -1 0 0 9 8
struct ancient_city -1 1 2 28 54
struct ancient_city -1 -1 -1 -13 -19
struct ancient_city -1 -3 5 -60 121
struct ancient_city -1 40 -77 966 -1839
struct ancient_city 123456789012345678 0 0 11 13
struct ancient_city 123456789012345678 1 2 28 61
struct ancient_city 123456789012345678 -1 -1 -9 -21
struct ancient_city 123456789012345678 -3 5 -69 129
struct ancient_city 123456789012345678 40 -77 967 -1846
struct ancient_city 765906787396911863 0 0 12 2
struct ancient_city 765906787396911863 1 2 26 63
struct ancient_city 765906787396911863 -1 -1 -18 -9
struct ancient_city 765906787396911863 -3 5 -68 131
struct ancient_city 765906787396911863 40 -77 971 -1836
struct ancient_city -8788534344520786540 0 0 13 14
struct ancient_city -8788534344520786540 1 2 35 61
struct ancient_city -8788534344520786540 -1 -1 -13 -10
struct ancient_city -8788534344520786540 -3 5 -71 127
struct ancient_city -8788534344520786540 40 -77 975 -1842
struct ancient_city 81985529216486895 0 0 10 13
struct ancient_city 81985529216486895 1 2 29 52
struct ancient_city 81985529216486895 -1 -1 -14 -17
struct ancient_city 81985529216486895 -3 5 -64 134
struct ancient_city 81985529216486895 40 -77 970 -1843
struct monument 0 0 0 21 18
struct monument 0 1 2 42 81
struct monument 0 -1 -1 -30 -20
struct monument 0 -3 5 -88 178
struct monument 0 40 -77 1284 -2454
struct monument 1 0 0 12 23
struct monument 1 1 2 46 71
struct monument 1 -1 -1 -22 -19
struct monument 1 -3 5 -86 174
struct monument 1 40 -77 1291 -2447
struct monument -1 0 0 13 11
struct monument -1 1 2 40 75
struct monument -1 -1 -1 -20 -23
struct monument -1 -3 5 -85 167
struct monument -1 40 -77 1286 -2445
struct monument 123456789012345678 0 0 15 24
struct monument 123456789012345678 1 2 41 76
struct monument 123456789012345678 -1 -1 -17 -12
struct monument 123456789012345678 -3 5 -83 170
struct monument 123456789012345678 40 -77 1286 -2448
struct monument 765906787396911863 0 0 13 16
struct monument 765906787396911863 1 2 46 81
struct monument 765906787396911863 -1 -1 -17 -16
struct monument 765906787396911863 -3 5 -82 166
struct monument 765906787396911863 40 -77 1300 -2449
struct monument -8788534344520786540 0 0 16 20
struct monument -8788534344520786540 1 2 49 84
struct monument -8788534344520786540 -1 -1 -15 -23
struct monument -8788534344520786540 -3 5 -83 172
struct monument -8788534344520786540 40 -77 1286 -2451
struct monument 81985529216486895 0 0 5 25
struct monument 81985529216486895 1 2 38 76
struct monument 81985529216486895 -1 -1 -20 -17
struct monument 81985529216486895 -3 5 -82 170
struct monument 81985529216486895 40 -77 1297 -2456
struct mansion 0 0 0 36 24
struct mansion 0 1 2 131 202
struct mansion 0 -1 -1 -70 -52
struct mansion 0 -3 5 -215 426
struct mansion 0 40 -77 3239 -6140
struct mansion 1 0 0 46 5
struct mansion 1 1 2 114 191
struct mansion 1 -1 -1 -47 -49
struct mansion 1 -3 5 -188 428
struct mansion 1 40 -77 3232 -6108
struct mansion -1 0 0 9 21
struct mansion -1 1 2 104 165
struct mansion -1 -1 -1 -53 -41
struct mansion -1 -3 5 -225 445
struct mansion -1 40 -77 3225 -6137
struct mansion 123456789012345678 0 0 32 28
struct mansion 123456789012345678 1 2 110 198
struct mansion 123456789012345678 -1 -1 -53 -40
struct mansion 123456789012345678 -3 5 -195 425
struct mansion 123456789012345678 40 -77 3234 -6131
struct mansion 765906787396911863 0 0 34 12
struct mansion 765906787396911863 1 2 101 181
struct mansion 765906787396911863 -1 -1 -44 -38
struct mansion 765906787396911863 -3 5 -223 417
struct mansion 765906787396911863 40 -77 3222 -6130
struct mansion -8788534344520786540 0 0 39 3
struct mansion -8788534344520786540 1 2 119 203
struct mansion -8788534344520786540 -1 -1 -55 -54
struct mansion -8788534344520786540 -3 5 -200 435
struct mansion -8788534344520786540 40 -77 3223 -6143
struct mansion 81985529216486895 0 0 21 40
struct mansion 81985529216486895 1 2 101 200
struct mansion 81985529216486895 -1 -1 -51 -29
struct mansion 81985529216486895 -3 5 -220 445
struct mansion 81985529216486895 40 -77 3242 -6128
struct end_city 0 0 0 3 4
struct end_city 0 1 2 25 44
struct end_city 0 -1 -1 -18 -17
struct end_city 0 -3 5 -57 105
struct end_city 0 40 -77 804 -1539
struct end_city 1 0 0 3 5
struct end_city 1 1 2 25 43
struct end_city 1 -1 -1 -19 -16
struct end_city 1 -3 5 -55 105
struct end_city 1 40 -77 802 -1537
struct end_city -1 0 0 4 7
struct end_city -1 1 2 24 42
struct end_city -1 -1 -1 -17 -20
struct end_city -1 -3 5 -54 107
struct end_city -1 40 -77 806 -1535
struct end_city 123456789012345678 0 0 6 6
struct end_city 123456789012345678 1 2 24 43
struct end_city 123456789012345678 -1 -1 -19 -13
struct end_city 123456789012345678 -3 5 -56 101
struct end_city 123456789012345678 40 -77 802 -1533
struct end_city 765906787396911863 0 0 4 7
struct end_city 765906787396911863 1 2 25 43
struct end_city 765906787396911863 -1 -1 -19 -17
struct end_city 765906787396911863 -3 5 -55 102
struct end_city 765906787396911863 40 -77 802 -1538
struct end_city -8788534344520786540 0 0 7 7
struct end_city -8788534344520786540 1 2 24 42
struct end_city -8788534344520786540 -1 -1 -16 -15
struct end_city -8788534344520786540 -3 5 -56 103
struct end_city -8788534344520786540 40 -77 801 -1536
struct end_city 81985529216486895 0 0 1 7
struct end_city 81985529216486895 1 2 21 43
struct end_city 81985529216486895 -1 -1 -17 -18
struct end_city 81985529216486895 -3 5 -55 106
struct end_city 81985529216486895 40 -77 804 -1532
struct ruined_portal 0 0 0 20 9
struct ruined_portal 0 1 2 56 93
struct ruined_portal 0 -1 -1 -17 -24
struct ruined_portal 0 -3 5 -101 204
struct ruined_portal 0 40 -77 1601 -3076
struct ruined_portal 1 0 0 19 18
struct ruined_portal 1 1 2 58 85
struct ruined_portal 1 -1 -1 -16 -36
struct ruined_portal 1 -3 5 -101 219
struct ruined_portal 1 40 -77 1601 -3061
struct ruined_portal -1 0 0 20 19
struct ruined_portal -1 1 2 55 80
struct ruined_portal -1 -1 -1 -19 -40
struct ruined_portal -1 -3 5 -100 220
struct ruined_portal -1 40 -77 1623 -3068
struct ruined_portal 123456789012345678 0 0 23 22
struct ruined_portal 123456789012345678 1 2 63 83
struct ruined_portal 123456789012345678 -1 -1 -22 -29
struct ruined_portal 123456789012345678 -3 5 -99 202
struct ruined_portal 123456789012345678 40 -77 1618 -3060
struct ruined_portal 765906787396911863 0 0 17 12
struct ruined_portal 765906787396911863 1 2 51 88
struct ruined_portal 765906787396911863 -1 -1 -22 -36
struct ruined_portal 765906787396911863 -3 5 -113 208
struct ruined_portal 765906787396911863 40 -77 1613 -3057
struct ruined_portal -8788534344520786540 0 0 21 14
struct ruined_portal -8788534344520786540 1 2 44 95
struct ruined_portal -8788534344520786540 -1 -1 -24 -32
struct ruined_portal -8788534344520786540 -3 5 -104 208
struct ruined_portal -8788534344520786540 40 -77 1606 -3061
struct ruined_portal 81985529216486895 0 0 15 7
struct ruined_portal 81985529216486895 1 2 63 98
struct ruined_portal 81985529216486895 -1 -1 -32 -23
struct ruined_portal 81985529216486895 -3 5 -98 214
struct ruined_portal 81985529216486895 40 -77 1624 -3072
struct nether_complex 0 0 0 15 2
struct nether_complex 0 1 2 38 68
struct nether_complex 0 -1 -1 -27 -10
struct nether_complex 0 -3 5 -64 136
struct nether_complex 0 40 -77 1094 -2063
struct nether_complex 1 0 0 12 0
struct nether_complex 1 1 2 36 60
struct nether_complex 1 -1 -1 -16 -27
struct nether_complex 1 -3 5 -80 148
struct nether_complex 1 40 -77 1082 -2079
struct nether_complex -1 0 0 4 18
struct nether_complex -1 1 2 31 56
struct nether_complex -1 -1 -1 -24 -8
struct nether_complex -1 -3 5 -62 144
struct nether_complex -1 40 -77 1097 -2078
struct nether_complex 123456789012345678 0 0 13 11
struct nether_complex 123456789012345678 1 2 39 76
struct nether_complex 123456789012345678 -1 -1 -19 -25
struct nether_complex 123456789012345678 -3 5 -79 138
struct nether_complex 123456789012345678 40 -77 1098 -2065
struct nether_complex 765906787396911863 0 0 15 16
struct nether_complex 765906787396911863 1 2 46 61
struct nether_complex 765906787396911863 -1 -1 -13 -25
struct nether_complex 765906787396911863 -3 5 -80 154
struct nether_complex 765906787396911863 40 -77 1083 -2077
struct nether_complex -8788534344520786540 0 0 1 8
struct nether_complex -8788534344520786540 1 2 33 60
struct nether_complex -8788534344520786540 -1 -1 -24 -18
struct nether_complex -8788534344520786540 -3 5 -70 157
struct nether_complex -8788534344520786540 40 -77 1086 -2062
struct nether_complex 81985529216486895 0 0 5 8
struct nether_complex 81985529216486895 1 2 27 62
struct nether_complex 81985529216486895 -1 -1 -21 -15
struct nether_complex 81985529216486895 -3 5 -71 140
struct nether_complex 81985529216486895 40 -77 1096 -2063
slime 0 -3 -3 0
slime 0 -3 -2 0
slime 0 -3 -1 0
slime 0 -3 0 0
slime 0 -3 1 0
slime 0 -3 2 0
slime 0 -3 3 0
slime 0 -2 -3 0
slime 0 -2 -2 0
slime 0 -2 -1 0
slime 0 -2 0 1
slime 0 -2 1 0
slime 0 -2 2 0
slime 0 -2 3 0
slime 0 -1 -3 0
slime 0 -1 -2 0
slime 0 -1 -1 0
slime 0 -1 0 0
slime 0 -1 1 0
slime 0 -1 2 0
slime 0 -1 3 0
slime 0 0 -3 0
slime 0 0 -2 0
slime 0 0 -1 0
slime 0 0 0 0
slime 0 0 1 0
slime 0 0 2 0
slime 0 0 3 0
slime 0 1 -3 1
slime 0 1 -2 0
slime 0 1 -1 0
slime 0 1 0 0
slime 0 1 1 0
slime 0 1 2 0
slime 0 1 3 0
slime 0 2 -3 1
slime 0 2 -2 0
slime 0 2 -1 0
slime 0 2 0 0
slime 0 2 1 0
slime 0 2 2 1
slime 0 2 3 0
slime 0 3 -3 0
slime 0 3 -2 0
slime 0 3 -1 0
slime 0 3 0 0
slime 0 3 1 0
slime 0 3 2 0
slime 0 3 3 0
slime 0 100000 -90000 0
slime 0 -1875000 1875000 1
slime 0 1875000 1875000 0
slime 0 46341 46341 0
slime 1 -3 -3 1
slime 1 -3 -2 0
slime 1 -3 -1 0
slime 1 -3 0 1
slime 1 -3 1 0
slime 1 -3 2 0
slime 1 -3 3 0
slime 1 -2 -3 0
slime 1 -2 -2 0
slime 1 -2 -1 0
slime 1 -2 0 0
slime 1 -2 1 0
slime 1 -2 2 1
slime 1 -2 3 0
slime 1 -1 -3 0
slime 1 -1 -2 0
slime 1 -1 -1 0
slime 1 -1 0 0
slime 1 -1 1 0
slime 1 -1 2 0
slime 1 -1 3 0
slime 1 0 -3 0
slime 1 0 -2 0
slime 1 0 -1 0
slime 1 0 0 0
slime 1 0 1 0
slime 1 0 2 0
slime 1 0 3 1
slime 1 1 -3 0
slime 1 1 -2 0
slime 1 1 -1 0
slime 1 1 0 0
slime 1 1 1 0
slime 1 1 2 0
slime 1 1 3 0
slime 1 2 -3 0
slime 1 2 -2 0
slime 1 2 -1 1
slime 1 2 0 0
slime 1 2 1 0
slime 1 2 2 0
slime 1 2 3 0
slime 1 3 -3 0
slime 1 3 -2 0
slime 1 3 -1 0
slime 1 3 0 0
slime 1 3 1 0
slime 1 3 2 0
slime 1 3 3 0
slime 1 100000 -90000 0
slime 1 -1875000 1875000 0
slime 1 1875000 1875000 0
slime 1 46341 46341 0
slime -1 -3 -3 0
slime -1 -3 -2 0
slime -1 -3 -1 1
slime -1 -3 0 0
slime -1 -3 1 0
slime -1 -3 2 0
slime -1 -3 3 0
slime -1 -2 -3 0
slime -1 -2 -2 0
slime -1 -2 -1 0
slime -1 -2 0 0
slime -1 -2 1 0
slime -1 -2 2 0
slime -1 -2 3 0
slime -1 -1 -3 0
slime -1 -1 -2 0
slime -1 -1 -1 0
slime -1 -1 0 0
slime -1 -1 1 0
slime -1 -1 2 0
slime -1 -1 3 1
slime -1 0 -3 1
slime -1 0 -2 0
slime -1 0 -1 0
slime -1 0 0 0
slime -1 0 1 0
slime -1 0 2 0
slime -1 0 3 0
slime -1 1 -3 0
slime -1 1 -2 0
slime -1 1 -1 0
slime -1 1 0 0
slime -1 1 1 0
slime -1 1 2 1
slime -1 1 3 0
slime -1 2 -3 1
slime -1 2 -2 0
slime -1 2 -1 0
slime -1 2 0 0
slime -1 2 1 0
slime -1 2 2 0
slime -1 2 3 0
slime -1 3 -3 0
slime -1 3 -2 0
slime -1 3 -1 0
slime -1 3 0 0
slime -1 3 1 0
slime -1 3 2 0
slime -1 3 3 0
slime -1 100000 -90000 0
slime -1 -1875000 1875000 1
slime -1 1875000 1875000 0
slime -1 46341 46341 0
slime 123456789012345678 -3 -3 0
slime 123456789012345678 -3 -2 0
slime 123456789012345678 -3 -1 0
slime 123456789012345678 -3 0 0
slime 123456789012345678 -3 1 0
slime 123456789012345678 -3 2 0
slime 123456789012345678 -3 3 0
slime 123456789012345678 -2 -3 0
slime 123456789012345678 -2 -2 0
slime 123456789012345678 -2 -1 1
slime 123456789012345678 -2 0 0
slime 123456789012345678 -2 1 0
slime 123456789012345678 -2 2 0
slime 123456789012345678 -2 3 0
slime 123456789012345678 -1 -3 0
slime 123456789012345678 -1 -2 0
slime 123456789012345678 -1 -1 0
slime 123456789012345678 -1 0 0
slime 123456789012345678 -1 1 0
slime 123456789012345678 -1 2 0
slime 123456789012345678 -1 3 0
slime 123456789012345678 0 -3 0
slime 123456789012345678 0 -2 0
slime 123456789012345678 0 -1 0
slime 123456789012345678 0 0 0
slime 123456789012345678 0 1 0
slime 123456789012345678 0 2 0
slime 123456789012345678 0 3 0
slime 123456789012345678 1 -3 0
slime 123456789012345678 1 -2 0
slime 123456789012345678 1 -1 1
slime 123456789012345678 1 0 0
slime 123456789012345678 1 1 0
slime 123456789012345678 1 2 0
slime 123456789012345678 1 3 0
slime 123456789012345678 2 -3 0
slime 123456789012345678 2 -2 0
slime 123456789012345678 2 -1 0
slime 123456789012345678 2 0 0
slime 123456789012345678 2 1 0
slime 123456789012345678 2 2 0
slime 123456789012345678 2 3 0
slime 123456789012345678 3 -3 0
slime 123456789012345678 3 -2 0
slime 123456789012345678 3 -1 0
slime 123456789012345678 3 0 0
slime 123456789012345678 3 1 0
slime 123456789012345678 3 2 0
slime 123456789012345678 3 3 0
slime 123456789012345678 100000 -90000 0
slime 123456789012345678 -1875000 1875000 0
slime 123456789012345678 1875000 1875000 1
slime 123456789012345678 46341 46341 0
slime 765906787396911863 -3 -3 1
slime 765906787396911863 -3 -2 0
slime 765906787396911863 -3 -1 0
slime 765906787396911863 -3 0 1
slime 765906787396911863 -3 1 0
slime 765906787396911863 -3 2 1
slime 765906787396911863 -3 3 0
slime 765906787396911863 -2 -3 0
slime 765906787396911863 -2 -2 0
slime 765906787396911863 -2 -1 0
slime 765906787396911863 -2 0 0
slime 765906787396911863 -2 1 0
slime 765906787396911863 -2 2 1
slime 765906787396911863 -2 3 0
slime 765906787396911863 -1 -3 0
slime 765906787396911863 -1 -2 0
slime 765906787396911863 -1 -1 0
slime 765906787396911863 -1 0 0
slime 765906787396911863 -1 1 0
slime 765906787396911863 -1 2 0
slime 765906787396911863 -1 3 1
slime 765906787396911863 0 -3 0
slime 765906787396911863 0 -2 0
slime 765906787396911863 0 -1 0
slime 765906787396911863 0 0 0
slime 765906787396911863 0 1 0
slime 765906787396911863 0 2 0
slime 765906787396911863 0 3 0
slime 765906787396911863 1 -3 0
slime 765906787396911863 1 -2 0
slime 765906787396911863 1 -1 0
slime 765906787396911863 1 0 0
slime 765906787396911863 1 1 0
slime 765906787396911863 1 2 0
slime 765906787396911863 1 3 0
slime 765906787396911863 2 -3 0
slime 765906787396911863 2 -2 0
slime 765906787396911863 2 -1 0
slime 765906787396911863 2 0 1
slime 765906787396911863 2 1 0
slime 765906787396911863 2 2 0
slime 765906787396911863 2 3 0
slime 765906787396911863 3 -3 1
slime 765906787396911863 3 -2 0
slime 765906787396911863 3 -1 0
slime 765906787396911863 3 0 0
slime 765906787396911863 3 1 1
slime 765906787396911863 3 2 0
slime 765906787396911863 3 3 0
slime 765906787396911863 100000 -90000 0
slime 765906787396911863 -1875000 1875000 0
slime 765906787396911863 1875000 1875000 0
slime 765906787396911863 46341 46341 0
slime -8788534344520786540 -3 -3 0
slime -8788534344520786540 -3 -2 0
slime -8788534344520786540 -3 -1 0
slime -8788534344520786540 -3 0 0
slime -8788534344520786540 -3 1 1
slime -8788534344520786540 -3 2 0
slime -8788534344520786540 -3 3 0
slime -8788534344520786540 -2 -3 0
slime -8788534344520786540 -2 -2 0
slime -8788534344520786540 -2 -1 0
slime -8788534344520786540 -2 0 0
slime -8788534344520786540 -2 1 0
slime -8788534344520786540 -2 2 0
slime -8788534344520786540 -2 3 0
slime -8788534344520786540 -1 -3 0
slime -8788534344520786540 -1 -2 0
slime -8788534344520786540 -1 -1 0
slime -8788534344520786540 -1 0 0
slime -8788534344520786540 -1 1 0
slime -8788534344520786540 -1 2 0
slime -8788534344520786540 -1 3 0
slime -8788534344520786540 0 -3 0
slime -8788534344520786540 0 -2 0
slime -8788534344520786540 0 -1 0
slime -8788534344520786540 0 0 0
slime -8788534344520786540 0 1 0
slime -8788534344520786540 0 2 0
slime -8788534344520786540 0 3 0
slime -8788534344520786540 1 -3 0
slime -8788534344520786540 1 -2 0
slime -8788534344520786540 1 -1 0
slime -8788534344520786540 1 0 0
slime -8788534344520786540 1 1 0
slime -8788534344520786540 1 2 0
slime -8788534344520786540 1 3 0
slime -8788534344520786540 2 -3 0
slime -8788534344520786540 2 -2 0
slime -8788534344520786540 2 -1 0
slime -8788534344520786540 2 0 0
slime -8788534344520786540 2 1 0
slime -8788534344520786540 2 2 0
slime -8788534344520786540 2 3 0
slime -8788534344520786540 3 -3 0
slime -8788534344520786540 3 -2 0
slime -8788534344520786540 3 -1 0
slime -8788534344520786540 3 0 0
slime -8788534344520786540 3 1 0
slime -8788534344520786540 3 2 0
slime -8788534344520786540 3 3 0
slime -8788534344520786540 100000 -90000 1
slime -8788534344520786540 -1875000 1875000 0
slime -8788534344520786540 1875000 1875000 0
slime -8788534344520786540 46341 46341 0
slime 81985529216486895 -3 -3 0
slime 81985529216486895 -3 -2 0
slime 81985529216486895 -3 -1 0
slime 81985529216486895 -3 0 0
slime 81985529216486895 -3 1 0
slime 81985529216486895 -3 2 1
slime 81985529216486895 -3 3 0
slime 81985529216486895 -2 -3 0
slime 81985529216486895 -2 -2 0
slime 81985529216486895 -2 -1 0
slime 81985529216486895 -2 0 0
slime 81985529216486895 -2 1 0
slime 81985529216486895 -2 2 0
slime 81985529216486895 -2 3 0
slime 81985529216486895 -1 -3 0
slime 81985529216486895 -1 -2 0
slime 81985529216486895 -1 -1 0
slime 81985529216486895 -1 0 0
slime 81985529216486895 -1 1 0
slime 81985529216486895 -1 2 0
slime 81985529216486895 -1 3 0
slime 81985529216486895 0 -3 0
slime 81985529216486895 0 -2 0
slime 81985529216486895 0 -1 0
slime 81985529216486895 0 0 1
slime 81985529216486895 0 1 0
slime 81985529216486895 0 2 0
slime 81985529216486895 0 3 0
slime 81985529216486895 1 -3 1
slime 81985529216486895 1 -2 0
slime 81985529216486895 1 -1 0
slime 81985529216486895 1 0 0
slime 81985529216486895 1 1 0
slime 81985529216486895 1 2 0
slime 81985529216486895 1 3 0
slime 81985529216486895 2 -3 0
slime 81985529216486895 2 -2 0
slime 81985529216486895 2 -1 0
slime 81985529216486895 2 0 0
slime 81985529216486895 2 1 0
slime 81985529216486895 2 2 0
slime 81985529216486895 2 3 0
slime 81985529216486895 3 -3 0
slime 81985529216486895 3 -2 0
slime 81985529216486895 3 -1 0
slime 81985529216486895 3 0 0
slime 81985529216486895 3 1 0
slime 81985529216486895 3 2 0
slime 81985529216486895 3 3 1
slime 81985529216486895 100000 -90000 0
slime 81985529216486895 -1875000 1875000 0
slime 81985529216486895 1875000 1875000 0
slime 81985529216486895 46341 46341 0
pillar 0 20792 6,5,1,7,3,9,0,2,4,8
pillar 1 40152 3,6,0,2,8,5,9,4,7,1
pillar -1 8899 9,1,6,2,3,8,5,7,0,4
pillar 123456789012345678 18533 9,0,3,1,6,4,8,7,5,2
pillar 765906787396911863 47915 1,3,6,5,2,7,9,0,4,8
pillar -8788534344520786540 39232 6,0,4,3,7,8,1,5,9,2
pillar 81985529216486895 57553 4,5,0,3,2,6,8,1,9,7
pillarseed 0 4,8,9,6,3,5,2,1,7,0
pillarseed 1 6,9,7,8,4,2,0,3,1,5
pillarseed 2 2,1,9,5,0,3,4,7,6,8
pillarseed 12345 3,2,0,5,8,9,6,7,4,1
pillarseed 65535 9,4,1,2,6,3,7,5,0,8
bedrock 0 minecraft:bedrock_roof 0 4 0 1060324517
bedrock 0 minecraft:bedrock_roof -98 4 -469 1037733312
bedrock 0 minecraft:bedrock_roof 17 123 -5 1058478222
bedrock 0 minecraft:bedrock_roof 1000 1 -2000 1058118879
bedrock 0 minecraft:bedrock_roof -33 3 77 1059078620
bedrock 0 minecraft:bedrock_roof 5 126 6 1017733024
bedrock 0 minecraft:bedrock_floor 0 4 0 1059864866
bedrock 0 minecraft:bedrock_floor -98 4 -469 1054155452
bedrock 0 minecraft:bedrock_floor 17 123 -5 1038097432
bedrock 0 minecraft:bedrock_floor 1000 1 -2000 1025633136
bedrock 0 minecraft:bedrock_floor -33 3 77 1062140008
bedrock 0 minecraft:bedrock_floor 5 126 6 1061943861
bedrock 1 minecraft:bedrock_roof 0 4 0 1039022624
bedrock 1 minecraft:bedrock_roof -98 4 -469 1045305020
bedrock 1 minecraft:bedrock_roof 17 123 -5 1049903160
bedrock 1 minecraft:bedrock_roof 1000 1 -2000 1064349139
bedrock 1 minecraft:bedrock_roof -33 3 77 1042357048
bedrock 1 minecraft:bedrock_roof 5 126 6 1059827162
bedrock 1 minecraft:bedrock_floor 0 4 0 1048421060
bedrock 1 minecraft:bedrock_floor -98 4 -469 1051841956
bedrock 1 minecraft:bedrock_floor 17 123 -5 1060776107
bedrock 1 minecraft:bedrock_floor 1000 1 -2000 1042583400
bedrock 1 minecraft:bedrock_floor -33 3 77 1053888756
bedrock 1 minecraft:bedrock_floor 5 126 6 1055276056
bedrock -1 minecraft:bedrock_roof 0 4 0 1053078534
bedrock -1 minecraft:bedrock_roof -98 4 -469 1052503404
bedrock -1 minecraft:bedrock_roof 17 123 -5 1061613656
bedrock -1 minecraft:bedrock_roof 1000 1 -2000 1061397196
bedrock -1 minecraft:bedrock_roof -33 3 77 1063001370
bedrock -1 minecraft:bedrock_roof 5 126 6 1059520501
bedrock -1 minecraft:bedrock_floor 0 4 0 1043101852
bedrock -1 minecraft:bedrock_floor -98 4 -469 1035841360
bedrock -1 minecraft:bedrock_floor 17 123 -5 1030905520
bedrock -1 minecraft:bedrock_floor 1000 1 -2000 1048722372
bedrock -1 minecraft:bedrock_floor -33 3 77 1060274375
bedrock -1 minecraft:bedrock_floor 5 126 6 1059947359
bedrock 123456789012345678 minecraft:bedrock_roof 0 4 0 1063634433
bedrock 123456789012345678 minecraft:bedrock_roof -98 4 -469 1061251293
bedrock 123456789012345678 minecraft:bedrock_roof 17 123 -5 1040797192
bedrock 123456789012345678 minecraft:bedrock_roof 1000 1 -2000 1061429755
bedrock 123456789012345678 minecraft:bedrock_roof -33 3 77 1044988512
bedrock 123456789012345678 minecraft:bedrock_roof 5 126 6 1041593472
bedrock 123456789012345678 minecraft:bedrock_floor 0 4 0 1037621208
bedrock 123456789012345678 minecraft:bedrock_floor -98 4 -469 1055795820
bedrock 123456789012345678 minecraft:bedrock_floor 17 123 -5 1046163596
bedrock 123456789012345678 minecraft:bedrock_floor 1000 1 -2000 1060390704
bedrock 123456789012345678 minecraft:bedrock_floor -33 3 77 1040606184
bedrock 123456789012345678 minecraft:bedrock_floor 5 126 6 1064775791
bedrock 765906787396911863 minecraft:bedrock_roof 0 4 0 1054117178
bedrock 765906787396911863 minecraft:bedrock_roof -98 4 -469 1057806928
bedrock 765906787396911863 minecraft:bedrock_roof 17 123 -5 1060122791
bedrock 765906787396911863 minecraft:bedrock_roof 1000 1 -2000 1058032107
bedrock 765906787396911863 minecraft:bedrock_roof -33 3 77 1063675154
bedrock 765906787396911863 minecraft:bedrock_roof 5 126 6 1049266062
bedrock 765906787396911863 minecraft:bedrock_floor 0 4 0 1048805730
bedrock 765906787396911863 minecraft:bedrock_floor -98 4 -469 1056179384
bedrock 765906787396911863 minecraft:bedrock_floor 17 123 -5 1048093460
bedrock 765906787396911863 minecraft:bedrock_floor 1000 1 -2000 1052472468
bedrock 765906787396911863 minecraft:bedrock_floor -33 3 77 1056635396
bedrock 765906787396911863 minecraft:bedrock_floor 5 126 6 1062843205
bedrock -8788534344520786540 minecraft:bedrock_roof 0 4 0 1030146912
bedrock -8788534344520786540 minecraft:bedrock_roof -98 4 -469 1057430134
bedrock -8788534344520786540 minecraft:bedrock_roof 17 123 -5 1062487888
bedrock -8788534344520786540 minecraft:bedrock_roof 1000 1 -2000 1047432260
bedrock -8788534344520786540 minecraft:bedrock_roof -33 3 77 1057501138
bedrock -8788534344520786540 minecraft:bedrock_roof 5 126 6 1046165932
bedrock -8788534344520786540 minecraft:bedrock_floor 0 4 0 1052309112
bedrock -8788534344520786540 minecraft:bedrock_floor -98 4 -469 1024564240
bedrock -8788534344520786540 minecraft:bedrock_floor 17 123 -5 1058432804
bedrock -8788534344520786540 minecraft:bedrock_floor 1000 1 -2000 1064302933
bedrock -8788534344520786540 minecraft:bedrock_floor -33 3 77 1059940830
bedrock -8788534344520786540 minecraft:bedrock_floor 5 126 6 1065216068
bedrock 81985529216486895 minecraft:bedrock_roof 0 4 0 1058722302
bedrock 81985529216486895 minecraft:bedrock_roof -98 4 -469 1057709849
bedrock 81985529216486895 minecraft:bedrock_roof 17 123 -5 1041210400
bedrock 81985529216486895 minecraft:bedrock_roof 1000 1 -2000 1049781376
bedrock 81985529216486895 minecraft:bedrock_roof -33 3 77 1053919454
bedrock 81985529216486895 minecraft:bedrock_roof 5 126 6 1049985586
bedrock 81985529216486895 minecraft:bedrock_floor 0 4 0 1054455904
bedrock 81985529216486895 minecraft:bedrock_floor -98 4 -469 1057161819
bedrock 81985529216486895 minecraft:bedrock_floor 17 123 -5 1061686865
bedrock 81985529216486895 minecraft:bedrock_floor 1000 1 -2000 1056607728
bedrock 81985529216486895 minecraft:bedrock_floor -33 3 77 1055931834
bedrock 81985529216486895 minecraft:bedrock_floor 5 126 6 1063447769
hash 343340730 2042456806
stronghold 0 -13 -106 121 52 -92 69
stronghold 1 -14 -120 105 45 -71 53
stronghold -1 -11 88 -97 -73 140 -60
stronghold 123456789012345678 -54 131 -89 -115 152 -20
stronghold 765906787396911863 -121 16 36 -87 86 111
stronghold -8788534344520786540 0 -107 122 70 -118 69
stronghold 81985529216486895 137 -72 -5 137 -100 -63
mineshaft 0 0 0 4604759192054975113 0
mineshaft 0 1 1 4605324701907676722 0
mineshaft 0 -5 7 4603692047246519539 0
mineshaft 0 100 -100 4601294457179232966 0
mineshaft 0 12345 -6789 4600997974292461432 0
mineshaft 1 0 0 4604758385039885542 0
mineshaft 1 1 1 4602133002547528880 0
mineshaft 1 -5 7 4605408565894552521 0
mineshaft 1 100 -100 4605898380264013411 0
mineshaft 1 12345 -6789 4603186195995859944 0
mineshaft -1 0 0 4598516459646775852 0
mineshaft -1 1 1 4606625028636886370 0
mineshaft -1 -5 7 4588604607775873232 0
mineshaft -1 100 -100 4587393472273069440 0
mineshaft -1 12345 -6789 4604828981596664859 0
mineshaft 123456789012345678 0 0 4599293979885753478 0
mineshaft 123456789012345678 1 1 4602691316548044183 0
mineshaft 123456789012345678 -5 7 4598757387414669636 0
mineshaft 123456789012345678 100 -100 4606605223116343726 0
mineshaft 123456789012345678 12345 -6789 4598711411622148390 0
mineshaft 765906787396911863 0 0 4602292489783671730 0
mineshaft 765906787396911863 1 1 4604228202187956390 0
mineshaft 765906787396911863 -5 7 4599597482850313576 0
mineshaft 765906787396911863 100 -100 4603818976638043095 0
mineshaft 765906787396911863 12345 -6789 4602154435948651056 0
mineshaft -8788534344520786540 0 0 4604928114620409034 0
mineshaft -8788534344520786540 1 1 4606746243530967814 0
mineshaft -8788534344520786540 -5 7 4604925309644029030 0
mineshaft -8788534344520786540 100 -100 4606671571774383015 0
mineshaft -8788534344520786540 12345 -6789 4602364420155844336 0
mineshaft 81985529216486895 0 0 4606484496341284614 0
mineshaft 81985529216486895 1 1 4604961475328823737 0
mineshaft 81985529216486895 -5 7 4604655324106178350 0
mineshaft 81985529216486895 100 -100 4604389942989201029 0
mineshaft 81985529216486895 12345 -6789 4599425034903380196 0
